63 61 63 68 65 5F 72 65 
73 2C 43 66 6E 46 66 35 
39 73 72 31 53 62 73 71 
51 36 4A 71 54 4B 73 45 
75 73 6A 4B 73 3D 2C 36 
33 30 35 36 2C 33 2C 79 
4A 7A 4B 74 76 74 63 34 
4C 42 75 69 57 2F 45 6E 
6D 49 44 61 6A 46 50 2F 
45 55 3D 2C 31 33 32 39 
34 2C 54 72 75 65 2C 30 
0A 67 61 6D 65 61 73 73 
65 74 62 75 6E 64 6C 65 
73 2C 4F 61 72 46 65 67 
48 4A 42 68 5A 48 32 39 
44 5A 30 76 53 7A 77 75 
4C 31 6B 49 38 3D 2C 37 
36 31 36 2C 33 2C 33 72 
61 49 33 54 65 41 39 30 
33 52 42 7A 4A 52 30 6C 
52 72 4A 64 30 74 6D 6D 
45 3D 2C 33 31 31 32 2C 
54 72 75 65 2C 30 0A 63 
6F 6E 66 69 67 2F 70 72 
65 6C 6F 61 64 63 6F 6E 
66 2C 6B 6C 6F 64 44 58 
5A 6E 54 48 64 4E 33 4E 
34 69 4A 73 7A 53 55 6C 
6F 31 75 4F 63 3D 2C 35 
36 38 31 36 2C 33 2C 69 
65 73 69 76 32 38 4C 34 
6E 77 37 62 52 4E 62 74 
66 32 35 6D 33 4F 71 71 
6D 6B 3D 2C 31 30 37 35 
33 2C 54 72 75 65 2C 30 
0A 63 6F 6E 66 69 67 2F 
69 74 65 6D 68 6F 74 66 
69 78 2C 54 62 5A 5A 34 
41 61 6F 53 2B 44 56 4F 
48 6C 5A 31 4D 54 6F 70 
32 64 2B 73 59 49 3D 2C 
33 31 36 38 2C 33 2C 4B 
42 70 77 53 50 5A 71 45 
57 73 71 41 59 4D 46 59 
6C 70 6E 64 48 47 61 73 
58 59 3D 2C 31 30 36 32 
2C 54 72 75 65 2C 30 0A 
63 6F 6E 66 69 67 2F 63 
6C 6F 74 68 65 73 72 65 
63 69 70 65 73 62 79 74 
65 73 2C 53 65 5A 4F 2B 
31 79 4B 35 76 41 75 54 
39 38 7A 2F 6E 47 53 59 
64 77 62 37 74 49 3D 2C 
36 34 35 30 32 34 2C 33 
2C 47 61 61 39 61 61 32 
4E 44 43 4B 41 52 61 50 
55 79 38 57 5A 61 66 6B 
5A 57 48 41 3D 2C 33 37 
33 33 36 36 2C 54 72 75 
65 2C 30 0A 63 6F 6E 66 
69 67 2F 63 6C 6F 74 68 
65 73 73 6C 6F 74 6F 76 
65 72 6C 61 79 73 2C 72 
46 65 71 5A 2B 39 73 4E 
74 64 4D 77 70 73 6F 48 
6D 61 35 55 41 67 41 65 
62 67 3D 2C 31 31 32 38 
30 30 30 2C 33 2C 50 50 
4E 62 4D 46 42 33 70 65 
62 52 56 48 58 6F 72 31 
4E 72 79 6D 52 6C 77 4F 
77 3D 2C 35 32 31 39 37 
36 2C 54 72 75 65 2C 30 
0A 63 6F 6E 66 69 67 2F 
72 65 73 63 6F 6E 66 68 
6F 74 75 70 64 61 74 65 
2C 52 42 32 78 57 6B 55 
61 36 61 33 58 2F 42 38 
31 70 7A 34 77 79 75 43 
34 6F 46 41 3D 2C 37 32 
36 34 2C 33 2C 76 4C 77 
49 63 73 66 77 55 37 44 
78 31 4F 2F 4D 63 50 6F 
35 65 63 4F 30 59 63 55 
3D 2C 31 38 33 37 2C 54 
72 75 65 2C 30 0A 63 6F 
6E 66 69 67 2F 63 6C 6F 
74 68 65 73 72 65 63 69 
70 65 73 2C 74 58 70 57 
67 78 39 6A 61 6F 58 62 
68 52 6E 73 31 2F 62 43 
58 56 56 73 65 38 38 3D 
2C 32 39 36 30 2C 33 2C 
67 2F 79 50 59 46 54 4F 
55 46 6A 44 35 38 7A 53 
47 4D 4D 65 71 51 37 52 
69 49 6F 3D 2C 39 34 38 
2C 54 72 75 65 2C 30 0A 
63 6F 64 65 70 61 74 63 
68 2F 61 73 73 65 6D 62 
6C 79 2D 63 73 68 61 72 
70 2D 70 61 74 63 68 2C 
74 59 48 4E 2B 79 4F 73 
64 4C 48 45 6F 37 48 72 
58 71 5A 32 48 39 4B 61 
4C 43 59 3D 2C 39 39 30 
34 2C 33 2C 42 2F 49 79 
6C 6C 38 43 30 61 32 75 
36 71 69 55 44 51 35 43 
6F 55 61 6F 6A 32 67 3D 
2C 32 36 33 38 2C 54 72 
75 65 2C 30 0A 61 76 61 
74 61 72 2F 61 73 73 65 
74 69 6E 64 65 78 65 72 
2C 50 45 4E 6F 6A 51 41 
51 66 39 61 31 6C 36 44 
7A 6A 73 30 6E 31 5A 33 
72 74 56 55 3D 2C 34 36 
36 34 30 2C 33 2C 74 36 
48 72 7A 37 2F 67 49 35 
61 6B 41 75 76 73 67 49 
6F 4D 47 6D 74 30 62 73 
55 3D 2C 31 34 31 36 32 
2C 54 72 75 65 2C 30 0A 
6D 61 69 6E 2F 67 61 6D 
65 65 6E 74 72 79 2C 6F 
75 39 38 59 76 37 76 41 
43 42 2F 59 37 73 30 56 
30 35 34 7A 6C 35 32 49 
2B 51 3D 2C 31 35 34 35 
36 2C 33 2C 4A 35 76 66 
6C 52 38 38 35 47 43 2B 
43 68 46 42 45 71 59 44 
58 46 46 68 36 55 30 3D 
2C 33 36 36 39 2C 54 72 
75 65 2C 30 0A 6C 6F 63 
61 6C 69 7A 61 74 69 6F 
6E 2F 6C 6F 63 68 6F 74 
66 69 78 2C 4C 6B 2B 59 
69 72 72 55 35 4C 6E 66 
70 41 59 58 43 42 72 59 
75 36 79 66 6E 38 30 3D 
2C 34 30 35 30 38 38 2C 
33 2C 74 43 4E 4A 67 6E 
65 67 30 30 65 54 70 34 
47 32 73 5A 6C 66 43 43 
77 52 52 73 4D 3D 2C 39 
37 39 30 35 2C 54 72 75 
65 2C 30 0A 6C 6F 63 61 
6C 69 7A 61 74 69 6F 6E 
2F 6C 6F 63 61 62 63 6F 
6E 66 2C 55 41 6A 52 34 
64 4F 67 70 58 6E 59 56 
30 50 7A 6F 73 53 51 6E 
4C 61 33 63 70 59 3D 2C 
34 30 36 34 2C 33 2C 67 
6F 68 4A 57 35 64 32 4F 
46 71 33 55 62 65 36 4B 
6B 32 51 52 2B 47 75 34 
6F 63 3D 2C 31 32 38 35 
2C 54 72 75 65 2C 30 0A 
68 64 2F 63 6F 6E 66 69 
67 2F 72 65 73 63 6F 6E 
66 2C 50 4C 71 77 30 76 
70 68 45 41 68 48 61 57 
37 66 57 72 6F 56 74 61 
58 6E 42 37 34 3D 2C 32 
38 30 34 39 36 2C 33 2C 
4F 72 77 69 2F 2F 57 42 
56 48 6A 33 4C 36 7A 34 
7A 52 59 75 4C 58 68 67 
47 31 49 3D 2C 32 39 31 
37 32 2C 54 72 75 65 2C 
30 0A 68 64 2F 63 6F 6E 
66 69 67 2F 72 65 73 63 
6F 6E 66 5F 77 77 69 73 
65 2C 6B 42 59 4F 4B 69 
4A 67 71 7A 4E 78 36 4F 
72 70 6B 38 51 75 37 66 
49 50 55 36 77 3D 2C 33 
38 34 31 39 32 2C 33 2C 
35 36 77 6B 4F 71 67 67 
4F 76 32 37 54 35 78 54 
44 32 32 7A 4E 4C 37 4F 
2F 6F 38 3D 2C 33 36 32 
37 39 2C 54 72 75 65 2C 
30 0A 63 6F 6E 66 69 67 
2F 73 70 6C 69 74 65 64 
72 65 73 63 6F 6E 66 73 
2F 62 61 73 65 72 65 73 
63 6F 6E 66 2C 76 78 32 
67 4D 52 67 70 6A 50 48 
67 6F 36 2F 4E 6D 7A 56 
36 61 79 5A 78 50 36 55 
3D 2C 34 30 38 30 30 2C 
33 2C 71 35 71 55 58 50 
2B 68 77 31 71 62 35 65 
36 41 65 45 35 46 38 56 
31 68 31 6D 73 3D 2C 31 
30 30 37 39 2C 54 72 75 
65 2C 30 0A 63 6F 6E 66 
69 67 2F 73 70 6C 69 74 
65 64 72 65 73 63 6F 6E 
66 73 2F 75 69 72 65 73 
63 6F 6E 66 2C 57 6A 61 
49 54 47 30 35 68 55 66 
51 49 71 75 78 6D 58 47 
53 61 37 59 6E 50 7A 73 
3D 2C 31 35 36 32 39 37 
36 2C 33 2C 33 4B 39 43 
31 61 49 68 58 2F 75 33 
6F 54 32 62 6D 76 4C 57 
33 34 57 47 39 4F 73 3D 
2C 32 38 39 35 34 32 2C 
54 72 75 65 2C 30 0A 63 
6F 6E 66 69 67 2F 73 70 
6C 69 74 65 64 72 65 73 
63 6F 6E 66 73 2F 70 61 
72 74 69 61 6C 72 65 73 
63 6F 6E 66 2C 30 53 6E 
66 42 5A 78 34 65 48 30 
4D 74 47 66 77 4D 43 44 
6F 5A 2F 36 78 57 38 6B 
3D 2C 34 35 35 32 31 32 
38 2C 33 2C 62 4A 41 46 
78 48 77 48 7A 71 50 69 
31 30 58 50 31 33 79 45 
58 5A 77 2B 30 74 6B 3D 
2C 36 31 33 32 30 31 2C 
54 72 75 65 2C 30 0A 63 
6F 6E 66 69 67 2F 73 70 
6C 69 74 65 64 72 65 73 
63 6F 6E 66 73 2F 72 65 
73 63 6F 6E 66 73 74 72 
73 2C 78 77 6A 6A 67 43 
45 6E 6F 4C 57 39 47 51 
37 61 6E 71 63 30 76 54 
6D 32 57 48 30 3D 2C 33 
30 30 38 2C 33 2C 48 2F 
62 55 33 30 4B 4F 78 58 
64 55 44 64 75 4A 38 30 
71 2F 63 52 56 4F 37 70 
67 3D 2C 39 35 34 2C 54 
72 75 65 2C 30 0A 69 6E 
67 61 6D 65 2F 64 79 6E 
61 6D 69 63 67 65 6E 65 
72 61 74 6F 72 2F 66 61 
6B 65 68 69 70 70 6F 72 
65 66 6F 72 6D 62 6C 64 
63 6F 6C 6C 69 64 65 72 
5F 67 72 6F 75 70 5F 61 
62 2C 4D 38 57 50 51 6F 
51 54 44 38 77 55 6A 54 
4F 6E 33 46 64 36 65 47 
64 64 48 47 55 3D 2C 31 
32 33 35 32 2C 33 2C 43 
39 57 72 35 4E 2B 53 34 
66 57 63 64 42 43 46 45 
6D 47 51 4C 32 57 34 51 
77 6F 3D 2C 33 34 32 38 
2C 54 72 75 65 2C 30 0A 
6D 75 74 6C 69 72 65 67 
69 6F 6E 6D 61 70 63 6F 
6E 66 69 67 64 6F 77 6E 
6C 6F 61 64 5F 34 33 64 
35 62 36 39 65 2C 72 34 
73 79 75 6A 73 39 56 59 
4D 4D 51 4D 77 2F 4E 6B 
59 2B 59 49 48 78 4C 6F 
6B 3D 2C 33 30 38 38 2C 
33 2C 7A 38 43 75 77 39 
79 45 37 73 73 78 54 44 
2B 58 62 6D 39 73 77 62 
46 48 61 44 51 3D 2C 31 
30 31 35 2C 54 72 75 65 
2C 30 0A 77 65 61 70 6F 
6E 73 6B 69 6E 5F 70 72 
6F 70 65 72 74 79 73 63 
6F 72 65 5F 36 32 38 39 
63 34 62 32 2C 77 6D 6F 
4A 61 6B 56 35 57 35 61 
33 31 7A 72 6C 4D 49 69 
59 75 78 74 57 38 48 49 
3D 2C 33 31 30 32 38 38 
2C 33 2C 30 7A 63 52 73 
59 38 61 59 6C 59 4C 6B 
33 69 41 42 43 4C 38 73 
47 34 56 5A 45 34 3D 2C 
31 33 39 39 34 2C 54 72 
75 65 2C 30 0A 63 6F 6C 
6C 65 63 74 69 6F 6E 65 
6D 6F 74 65 5F 62 30 66 
37 64 64 66 39 2C 6E 4B 
62 4B 41 48 37 6A 70 6D 
54 69 32 67 30 45 43 54 
2F 7A 62 49 46 4C 4B 72 
6F 3D 2C 31 33 35 31 33 
36 2C 33 2C 2B 56 68 68 
75 5A 35 71 42 52 6B 51 
50 37 35 58 72 47 37 36 
65 75 35 4E 31 51 6B 3D 
2C 31 37 38 32 36 2C 54 
72 75 65 2C 30 0A 69 6E 
67 61 6D 65 5F 6E 69 6E 
74 68 5F 67 70 5F 6A 75 
6D 70 70 61 64 5F 66 34 
61 61 64 63 36 61 2C 48 
67 47 6A 33 54 59 59 79 
4D 34 73 69 50 58 34 79 
51 45 72 31 54 6C 47 68 
71 6B 3D 2C 33 39 32 39 
37 36 2C 33 2C 6A 32 36 
4D 77 53 7A 44 6A 6C 51 
4A 63 6B 66 7A 52 59 7A 
64 46 32 4B 46 75 61 45 
3D 2C 32 30 38 37 39 37 
2C 54 72 75 65 2C 30 0A 
77 65 61 70 6F 6E 73 6B 
69 6E 5F 70 72 6F 70 65 
72 74 79 5F 39 31 31 65 
34 35 35 34 2C 78 56 6B 
58 75 77 32 69 41 79 71 
59 5A 34 73 36 77 43 66 
2B 59 75 6D 37 65 2B 55 
3D 2C 32 38 31 35 38 34 
2C 33 2C 57 43 48 66 79 
67 6D 36 38 4A 70 50 6D 
4F 6F 55 73 78 4B 2F 76 
4A 66 4B 4F 72 4D 3D 2C 
31 37 38 31 30 2C 54 72 
75 65 2C 30 0A 67 61 6D 
65 70 6C 61 79 61 66 66 
69 78 63 6F 6E 66 69 67 
5F 30 36 61 65 64 31 37 
39 2C 2B 75 53 67 38 6B 
73 2B 51 64 58 4C 37 51 
68 53 74 4F 43 56 69 53 
4A 7A 49 49 4D 3D 2C 35 
30 31 37 36 2C 33 2C 35 
69 6A 57 33 41 67 73 36 
76 45 66 5A 46 66 42 71 
59 75 68 67 32 54 7A 30 
68 34 3D 2C 37 38 34 36 
2C 54 72 75 65 2C 30 0A 
69 74 65 6D 68 6F 74 66 
69 78 5F 39 30 65 31 36 
34 63 30 2C 4D 44 76 61 
4D 6B 49 67 67 53 7A 6C 
50 34 35 66 6F 68 6D 6D 
35 50 64 70 6F 57 55 3D 
2C 33 34 32 34 2C 33 2C 
37 51 44 37 79 57 69 32 
61 45 6A 50 33 4C 34 55 
6E 4D 68 35 45 6B 45 52 
34 36 45 3D 2C 31 32 30 
39 2C 54 72 75 65 2C 30 
0A 77 65 61 70 6F 6E 73 
6B 69 6E 75 70 67 72 61 
64 65 5F 31 62 35 30 61 
30 63 63 2C 70 67 57 6E 
46 67 5A 41 4E 72 30 4F 
77 6D 39 66 64 50 4E 52 
62 43 67 33 2B 43 45 3D 
2C 32 32 30 38 39 36 2C 
33 2C 77 6F 37 46 32 66 
50 2B 59 51 46 32 51 66 
75 68 4F 72 73 6E 51 6F 
2B 6E 65 58 45 3D 2C 36 
35 30 38 2C 54 72 75 65 
2C 30 0A 77 65 61 70 6F 
6E 73 65 74 5F 62 64 36 
63 30 64 37 39 2C 58 52 
52 4A 6F 77 6D 55 73 52 
54 35 79 54 39 30 35 68 
47 35 4D 73 6F 34 69 6A 
38 3D 2C 31 30 34 36 34 
2C 33 2C 62 43 76 71 34 
30 76 4C 49 69 69 49 45 
64 77 72 2B 4E 70 32 4F 
65 58 6E 78 6E 73 3D 2C 
32 35 38 36 2C 54 72 75 
65 2C 30 0A 66 72 6F 6E 
74 65 6E 64 70 72 65 76 
69 65 77 75 69 63 6F 6E 
66 69 67 5F 34 65 38 66 
66 30 65 37 2C 63 50 67 
31 41 69 59 52 6E 31 41 
33 2F 51 6C 36 77 50 52 
44 2F 6A 67 6D 31 63 30 
3D 2C 33 31 38 38 38 2C 
33 2C 73 4F 72 54 45 4C 
58 54 64 71 6E 7A 66 42 
72 42 47 63 4D 51 77 6A 
41 73 55 7A 73 3D 2C 35 
37 35 37 2C 54 72 75 65 
2C 30 0A 75 69 64 72 61 
77 73 68 6F 70 75 6E 6C 
69 6D 69 74 65 64 74 6F 
6B 65 6E 77 68 65 65 6C 
63 6F 6E 74 65 6E 74 5F 
66 65 32 63 32 31 34 34 
2C 36 51 73 66 58 4E 79 
75 53 54 53 59 67 63 43 
67 69 50 30 71 6E 43 6E 
30 42 58 34 3D 2C 34 36 
39 33 33 37 36 2C 33 2C 
48 56 6F 31 48 30 39 4C 
72 2B 41 7A 31 72 74 75 
48 32 6F 50 65 34 6A 47 
71 30 38 3D 2C 32 33 34 
39 32 32 34 2C 54 72 75 
65 2C 30 0A 63 6C 6F 74 
68 65 73 5F 30 66 30 61 
34 30 31 66 2C 59 75 72 
54 6C 6D 48 39 4D 4C 4E 
74 6A 35 44 62 42 6E 73 
54 72 30 71 46 59 54 45 
3D 2C 38 39 33 37 34 34 
2C 33 2C 43 53 35 31 55 
31 66 63 78 63 6F 4B 64 
66 34 68 4E 58 7A 39 2B 
4D 4F 52 63 63 38 3D 2C 
32 34 35 30 30 30 2C 54 
72 75 65 2C 30 0A 66 72 
6F 6E 74 65 6E 64 70 72 
65 76 69 65 77 63 6F 6E 
66 69 67 5F 66 39 64 66 
32 65 61 37 2C 73 6E 6E 
31 35 75 75 48 79 41 79 
37 69 43 74 64 79 5A 59 
56 7A 49 6A 74 59 69 63 
3D 2C 31 36 35 36 30 2C 
33 2C 77 31 2F 31 55 54 
62 72 6C 57 53 6C 61 59 
55 4F 55 35 77 71 62 6B 
61 46 31 31 38 3D 2C 33 
32 39 32 2C 54 72 75 65 
2C 30 0A 73 6F 63 69 61 
6C 6C 6F 62 62 79 64 61 
6E 63 69 6E 67 74 65 6D 
70 6C 61 74 65 5F 63 66 
61 30 33 33 33 63 2C 55 
31 2F 55 33 5A 67 52 54 
45 68 63 44 73 78 2F 73 
55 52 2B 70 53 65 64 30 
4D 55 3D 2C 33 36 39 36 
2C 33 2C 74 37 6F 69 69 
71 48 30 6C 75 66 36 63 
67 78 53 7A 6A 38 2B 6E 
4D 37 77 69 4E 49 3D 2C 
31 31 37 35 2C 54 72 75 
65 2C 30 0A 6D 61 6C 65 
5F 65 6D 6F 74 65 5F 73 
63 75 62 61 64 61 6E 63 
65 5F 65 31 64 34 64 37 
32 64 2C 56 46 55 42 51 
61 43 70 6D 57 77 70 56 
35 52 62 79 7A 7A 64 77 
46 67 33 4D 43 38 3D 2C 
31 33 37 37 39 32 2C 33 
2C 71 51 53 64 77 4B 67 
36 47 35 71 39 65 2B 4D 
66 69 76 51 33 41 6D 68 
52 52 63 59 3D 2C 39 31 
38 31 35 2C 54 72 75 65 
2C 30 0A 66 65 6D 61 6C 
65 5F 65 6D 6F 74 65 5F 
73 63 75 62 61 64 61 6E 
63 65 5F 64 39 61 34 63 
37 31 36 2C 38 51 65 6F 
44 56 2B 4C 79 4E 47 58 
45 72 7A 5A 6C 6D 51 4C 
74 4D 74 57 32 39 34 3D 
2C 31 33 33 35 33 36 2C 
33 2C 42 57 47 4C 72 78 
72 4E 32 66 49 61 74 45 
45 55 4D 47 6F 39 62 74 
71 6B 35 48 6F 3D 2C 38 
38 37 32 30 2C 54 72 75 
65 2C 30 0A 61 76 61 74 
61 72 61 73 73 65 74 73 
2F 6F 62 35 34 2F 6D 61 
6C 65 5F 61 63 63 65 73 
73 6F 72 79 5F 63 6F 73 
5F 74 68 5F 62 61 6E 61 
6E 61 5F 6F 76 65 72 6C 
61 79 5F 6E 2C 31 68 61 
41 73 53 5A 65 4F 52 4D 
46 30 54 79 37 4E 6F 51 
6A 59 7A 7A 58 6E 2F 51 
3D 2C 31 36 33 38 34 30 
2C 33 2C 43 73 62 66 49 
31 48 58 51 2B 4D 52 6E 
64 55 75 47 72 76 61 5A 
72 41 59 68 4F 49 3D 2C 
36 30 30 37 32 2C 54 72 
75 65 2C 30 0A 61 76 61 
74 61 72 61 73 73 65 74 
73 2F 6F 62 35 34 2F 6D 
61 6C 65 5F 61 63 63 65 
73 73 6F 72 79 5F 63 6F 
73 5F 74 68 5F 73 74 72 
61 77 62 65 72 72 79 5F 
73 6C 6F 74 2C 70 41 30 
61 45 70 4A 56 44 67 36 
31 57 54 32 45 47 52 76 
74 62 4B 45 6D 46 2F 59 
3D 2C 31 34 39 32 38 30 
2C 33 2C 31 39 77 30 46 
39 46 63 64 4A 77 74 38 
42 6A 46 6D 68 70 6A 2B 
30 30 4B 4A 4B 41 3D 2C 
33 37 39 30 32 2C 54 72 
75 65 2C 30 0A 61 76 61 
74 61 72 61 73 73 65 74 
73 2F 6F 62 35 34 2F 6D 
61 6C 65 5F 61 63 63 65 
73 73 6F 72 79 5F 63 6F 
73 5F 74 68 5F 73 74 72 
61 77 62 65 72 72 79 5F 
6F 76 65 72 6C 61 79 5F 
6E 2C 6B 39 41 6E 78 2F 
30 57 79 44 59 42 70 43 
43 54 62 55 6D 68 37 55 
73 62 50 6E 38 3D 2C 31 
36 33 38 35 36 2C 33 2C 
32 30 6C 6E 42 57 62 4E 
75 59 32 59 50 32 4A 43 
37 4B 6D 71 50 49 30 66 
41 69 73 3D 2C 35 39 36 
37 37 2C 54 72 75 65 2C 
30 0A 61 76 61 74 61 72 
61 73 73 65 74 73 2F 6F 
62 35 34 2F 66 65 6D 61 
6C 65 5F 61 63 63 65 73 
73 6F 72 79 5F 63 6F 73 
5F 74 68 5F 62 61 6E 61 
6E 61 5F 73 6C 6F 74 2C 
6B 6D 59 51 64 76 65 54 
55 72 5A 76 70 42 30 6C 
36 62 78 37 36 54 46 72 
6F 42 30 3D 2C 31 34 35 
35 35 32 2C 33 2C 35 34 
47 36 73 4A 58 57 72 6B 
43 6F 73 57 36 2B 64 71 
6B 72 61 2F 32 36 51 31 
55 3D 2C 33 35 39 32 34 
2C 54 72 75 65 2C 30 0A 
61 76 61 74 61 72 61 73 
73 65 74 73 2F 6F 62 35 
34 2F 66 65 6D 61 6C 65 
5F 61 63 63 65 73 73 6F 
72 79 5F 63 6F 73 5F 74 
68 5F 73 74 72 61 77 62 
65 72 72 79 5F 73 6C 6F 
74 2C 79 4B 71 59 4F 7A 
73 79 5A 6B 4D 4D 7A 39 
44 42 30 66 70 41 48 36 
53 74 6C 42 6F 3D 2C 31 
35 32 36 32 34 2C 33 2C 
4D 6C 7A 4F 54 65 4B 2B 
46 58 63 33 70 35 79 30 
2F 47 39 55 2F 68 6C 75 
34 32 41 3D 2C 34 30 34 
38 38 2C 54 72 75 65 2C 
30 0A 61 76 61 74 61 72 
61 73 73 65 74 73 2F 6F 
62 35 34 2F 6D 61 6C 65 
5F 61 63 63 65 73 73 6F 
72 79 5F 63 6F 73 5F 74 
68 5F 62 61 6E 61 6E 61 
5F 6E 5F 73 6C 6F 74 2C 
75 72 6F 51 73 69 70 51 
65 4B 56 72 53 32 6E 35 
4F 32 6F 36 69 50 54 4A 
35 77 51 3D 2C 31 36 38 
32 35 36 2C 33 2C 63 41 
57 64 69 48 4C 32 73 50 
4E 58 73 65 42 52 36 44 
72 34 69 67 44 67 79 56 
30 3D 2C 34 39 30 35 32 
2C 54 72 75 65 2C 30 0A 
61 76 61 74 61 72 61 73 
73 65 74 73 2F 6F 62 35 
34 2F 6D 61 6C 65 5F 61 
63 63 65 73 73 6F 72 79 
5F 63 6F 73 5F 74 68 5F 
73 74 72 61 77 62 65 72 
72 79 5F 6E 5F 73 6C 6F 
74 2C 42 69 50 76 48 47 
76 50 38 53 48 42 6F 41 
6F 49 76 75 32 47 34 77 
65 55 44 63 34 3D 2C 31 
38 37 30 30 38 2C 33 2C 
70 35 7A 59 70 6A 31 65 
74 68 61 58 43 6D 4F 46 
46 64 50 76 35 57 73 56 
50 53 41 3D 2C 36 30 37 
31 37 2C 54 72 75 65 2C 
30 0A 61 76 61 74 61 72 
61 73 73 65 74 73 2F 6F 
62 35 34 2F 66 65 6D 61 
6C 65 5F 61 63 63 65 73 
73 6F 72 79 5F 63 6F 73 
5F 74 68 5F 73 74 72 61 
77 62 65 72 72 79 5F 6E 
5F 73 6C 6F 74 2C 52 74 
6A 4B 65 64 7A 61 4A 71 
4E 48 4D 49 48 41 35 59 
68 4D 41 4B 31 43 71 4E 
4D 3D 2C 31 38 37 30 32 
34 2C 33 2C 67 59 77 63 
36 62 4D 34 64 54 34 58 
2F 54 79 47 79 6D 33 68 
55 76 46 42 48 6E 51 3D 
2C 36 30 36 34 38 2C 54 
72 75 65 2C 30 0A 61 76 
61 74 61 72 61 73 73 65 
74 73 2F 6F 62 35 34 2F 
6D 61 6C 65 5F 61 63 63 
65 73 73 6F 72 79 5F 63 
6F 73 5F 74 68 5F 73 74 
72 61 77 62 65 72 72 79 
5F 6F 76 65 72 6C 61 79 
2C 61 7A 6C 45 4B 57 36 
72 41 69 47 50 70 66 71 
79 2F 4B 33 73 41 5A 5A 
79 4F 68 67 3D 2C 31 33 
32 30 36 34 2C 33 2C 6E 
58 6F 32 4A 56 54 30 6D 
34 62 57 77 55 31 4D 64 
43 52 44 69 6F 4C 6C 70 
58 4D 3D 2C 33 37 33 33 
36 2C 54 72 75 65 2C 30 
0A 61 76 61 74 61 72 61 
73 73 65 74 73 2F 6F 62 
35 34 2F 6D 61 6C 65 5F 
61 63 63 65 73 73 6F 72 
79 5F 63 6F 73 5F 74 68 
5F 62 61 6E 61 6E 61 5F 
6F 76 65 72 6C 61 79 2C 
31 42 62 55 53 47 55 48 
47 37 45 4B 6C 6E 4A 6B 
71 6A 31 4A 2B 66 2B 68 
45 56 63 3D 2C 31 33 32 
30 34 38 2C 33 2C 7A 6B 
52 4C 36 74 78 66 53 6F 
49 42 74 72 4E 51 66 38 
65 62 6C 37 63 6A 42 6F 
49 3D 2C 33 36 32 38 33 
2C 54 72 75 65 2C 30 0A 
61 76 61 74 61 72 61 73 
73 65 74 73 2F 6F 62 35 
34 2F 66 65 6D 61 6C 65 
5F 61 63 63 65 73 73 6F 
72 79 5F 63 6F 73 5F 74 
68 5F 62 61 6E 61 6E 61 
5F 6E 5F 73 6C 6F 74 2C 
34 52 79 45 55 4C 6A 6D 
37 2F 42 67 4E 6D 75 34 
34 63 30 73 41 36 62 7A 
72 62 45 3D 2C 31 36 38 
32 37 32 2C 33 2C 61 2F 
77 35 75 2F 32 4F 38 38 
44 4F 6F 44 4C 6C 4E 2F 
30 59 6E 33 50 74 44 51 
55 3D 2C 34 39 31 35 37 
2C 54 72 75 65 2C 30 0A 
61 76 61 74 61 72 61 73 
73 65 74 73 2F 6F 62 35 
34 2F 6D 61 6C 65 5F 61 
63 63 65 73 73 6F 72 79 
5F 63 6F 73 5F 74 68 5F 
62 61 6E 61 6E 61 5F 73 
6C 6F 74 2C 52 72 54 52 
51 57 62 68 35 44 43 6A 
33 34 59 75 4F 41 36 6A 
2B 54 36 73 36 5A 45 3D 
2C 31 34 35 35 30 34 2C 
33 2C 34 56 4D 48 4D 34 
61 32 6A 55 49 48 57 45 
5A 76 6B 59 7A 30 73 78 
42 58 46 39 77 3D 2C 33 
36 30 35 31 2C 54 72 75 
65 2C 30 0A 41 75 64 69 
6F 57 65 6D 2F 37 39 35 
36 36 37 2E 77 65 6D 2C 
77 6F 43 53 33 4E 7A 36 
6F 4B 50 53 4A 2B 49 72 
4C 59 68 69 42 39 63 61 
4B 38 67 3D 2C 37 39 33 
35 2C 33 2C 61 68 4A 7A 
30 64 36 33 4A 4F 70 74 
65 71 52 66 38 34 69 31 
58 6D 4D 58 46 35 55 3D 
2C 37 39 36 35 2C 54 72 
75 65 2C 33 31 0A 41 75 
64 69 6F 57 65 6D 2F 36 
35 39 30 39 31 39 38 36 
2E 77 65 6D 2C 54 4A 69 
36 38 65 4A 53 2B 68 47 
4F 4E 6B 31 68 6D 6C 68 
4B 35 75 45 79 73 6C 45 
3D 2C 35 30 32 32 2C 33 
2C 6F 46 6D 78 4C 55 7A 
56 6D 53 6E 67 43 33 50 
6A 31 6A 6E 38 41 72 4E 
4C 79 2F 77 3D 2C 35 30 
31 32 2C 54 72 75 65 2C 
33 31 0A 41 75 64 69 6F 
57 65 6D 2F 34 38 39 39 
31 39 30 37 33 2E 77 65 
6D 2C 32 6E 35 62 4E 50 
36 33 62 79 73 53 35 4E 
48 4D 7A 73 74 6A 4C 55 
6D 36 78 46 59 3D 2C 35 
35 36 31 2C 33 2C 75 73 
49 79 67 6B 59 50 50 52 
34 74 52 70 78 41 69 58 
33 33 63 78 36 6E 4C 41 
6B 3D 2C 35 35 35 39 2C 
54 72 75 65 2C 33 31 0A 
41 75 64 69 6F 57 65 6D 
2F 31 38 36 32 32 34 34 
30 34 2E 77 65 6D 2C 5A 
79 6C 41 76 38 51 52 4B 
38 38 76 64 7A 63 42 75 
39 6D 6C 35 78 46 4C 78 
48 45 3D 2C 38 37 33 31 
2C 33 2C 67 74 4E 51 42 
4F 6C 79 47 4F 6C 41 62 
53 63 70 42 69 78 6D 58 
68 31 67 50 54 38 3D 2C 
38 37 34 35 2C 54 72 75 
65 2C 33 31 0A 41 75 64 
69 6F 57 65 6D 2F 38 36 
32 39 38 38 32 31 36 2E 
77 65 6D 2C 67 63 65 67 
68 5A 76 38 42 56 79 4E 
52 34 71 78 58 31 54 33 
35 4A 32 45 4E 48 41 3D 
2C 31 33 35 32 32 2C 33 
2C 69 51 2F 4F 50 30 62 
30 69 4D 43 66 6F 35 77 
61 6D 65 68 30 50 4E 75 
75 33 69 51 3D 2C 31 33 
35 31 32 2C 54 72 75 65 
2C 33 31 0A 41 75 64 69 
6F 57 65 6D 2F 31 39 30 
37 38 34 39 34 30 2E 77 
65 6D 2C 56 4F 54 76 7A 
56 39 51 47 5A 30 45 44 
69 79 49 73 51 72 47 75 
4D 35 36 4A 41 41 3D 2C 
33 33 32 34 39 2C 33 2C 
76 33 4B 43 45 73 75 75 
30 6D 6F 42 65 68 58 75 
76 39 45 34 35 6E 56 63 
79 57 51 3D 2C 33 33 32 
38 33 2C 54 72 75 65 2C 
33 31 0A 41 75 64 69 6F 
57 65 6D 2F 32 33 38 36 
35 37 37 32 30 2E 77 65 
6D 2C 59 4E 78 31 61 31 
6D 57 63 48 34 67 48 5A 
30 56 6A 4D 4B 2B 6D 37 
4E 73 63 68 73 3D 2C 35 
33 36 32 34 2C 33 2C 61 
46 66 78 49 2F 6E 64 73 
30 38 77 65 41 77 63 50 
59 41 6A 68 67 59 55 6D 
6B 4D 3D 2C 35 33 36 31 
30 2C 54 72 75 65 2C 33 
31 0A 41 75 64 69 6F 57 
65 6D 2F 33 35 30 35 34 
37 38 39 36 2E 77 65 6D 
2C 77 50 5A 76 63 43 39 
38 4C 64 44 4F 45 33 70 
74 37 6A 69 69 76 6E 68 
49 4F 31 59 3D 2C 33 37 
31 39 37 2C 33 2C 37 39 
64 64 37 6B 65 66 54 76 
51 50 6F 59 42 7A 74 6D 
33 51 33 78 41 72 6E 45 
51 3D 2C 33 37 32 33 37 
2C 54 72 75 65 2C 33 31 
0A 41 75 64 69 6F 57 65 
6D 2F 35 37 34 39 33 32 
34 36 2E 77 65 6D 2C 47 
39 6C 41 50 57 35 76 36 
4F 6C 6A 6D 35 52 4D 39 
58 58 4C 55 2B 32 53 68 
32 30 3D 2C 36 37 30 38 
34 2C 33 2C 33 53 59 2F 
31 4E 48 66 4A 58 77 72 
33 63 5A 4E 48 79 68 71 
44 71 53 2B 4F 32 6F 3D 
2C 36 37 30 37 31 2C 54 
72 75 65 2C 33 31 0A 41 
75 64 69 6F 57 65 6D 2F 
39 37 39 36 30 37 33 32 
37 2E 77 65 6D 2C 30 75 
71 71 5A 4A 45 36 48 34 
41 38 76 79 54 69 48 63 
45 37 6C 6A 55 6F 4F 4A 
77 3D 2C 33 30 36 35 39 
2C 33 2C 55 4A 50 53 58 
35 6E 55 6C 59 61 71 42 
42 38 67 6E 59 6D 71 69 
53 4C 6F 6F 61 49 3D 2C 
33 30 36 32 31 2C 54 72 
75 65 2C 33 31 0A 41 75 
64 69 6F 57 65 6D 2F 35 
35 34 32 31 39 34 32 39 
2E 77 65 6D 2C 54 73 66 
39 49 52 4C 6B 75 2F 4B 
33 43 58 6D 34 44 69 68 
6E 67 33 39 68 49 64 34 
3D 2C 31 37 39 38 39 2C 
33 2C 6C 58 58 37 75 56 
6E 5A 35 6F 34 69 6D 56 
58 69 54 2B 77 36 38 72 
66 37 45 44 73 3D 2C 31 
37 39 36 31 2C 54 72 75 
65 2C 33 31 0A 41 75 64 
69 6F 57 65 6D 2F 31 31 
35 35 37 31 38 31 2E 77 
65 6D 2C 73 30 56 50 75 
70 48 74 5A 73 6C 64 63 
6B 62 2B 43 4F 77 63 7A 
34 4E 4B 70 4C 38 3D 2C 
31 33 39 37 36 36 2C 33 
2C 43 35 39 56 78 50 31 
31 4D 59 53 77 61 4F 58 
2B 77 71 42 35 50 67 53 
32 6F 2F 51 3D 2C 31 33 
39 37 34 33 2C 54 72 75 
65 2C 33 31 0A 41 75 64 
69 6F 57 65 6D 2F 33 30 
36 34 36 30 38 36 34 2E 
77 65 6D 2C 33 55 36 71 
57 56 41 30 54 38 33 6A 
78 33 2F 76 48 79 31 39 
75 6C 6D 6F 47 68 6B 3D 
2C 31 32 33 32 35 2C 33 
2C 53 46 42 76 65 50 35 
77 4E 76 78 4B 51 2F 42 
62 6F 72 70 52 42 74 55 
67 4C 47 77 3D 2C 31 32 
33 32 31 2C 54 72 75 65 
2C 33 31 0A 41 75 64 69 
6F 57 65 6D 2F 31 31 35 
37 38 30 39 34 37 2E 77 
65 6D 2C 73 59 44 4E 48 
34 39 30 50 4E 63 4C 6D 
79 68 62 4F 72 62 57 46 
44 4D 62 35 38 51 3D 2C 
31 38 31 32 36 2C 33 2C 
62 4A 65 33 73 6E 39 57 
6F 38 53 7A 32 39 35 32 
4D 47 32 50 71 39 37 66 
30 6F 73 3D 2C 31 38 31 
35 37 2C 54 72 75 65 2C 
33 31 0A 41 75 64 69 6F 
57 65 6D 2F 31 30 32 36 
32 33 35 32 36 31 2E 77 
65 6D 2C 6B 41 77 4B 38 
55 56 6C 62 71 72 54 39 
6B 38 4D 71 4A 4B 50 49 
4A 6D 61 62 35 34 3D 2C 
31 35 31 37 30 2C 33 2C 
6F 46 73 78 44 50 32 77 
37 52 73 50 6E 35 45 30 
77 39 58 53 79 74 36 42 
78 4A 34 3D 2C 31 35 31 
35 38 2C 54 72 75 65 2C 
33 31 0A 41 75 64 69 6F 
57 65 6D 2F 36 35 39 35 
31 34 33 38 34 2E 77 65 
6D 2C 77 58 51 70 6F 73 
57 4C 53 35 66 43 42 5A 
2F 66 68 32 67 6B 30 4E 
73 4B 4E 38 73 3D 2C 32 
37 38 31 38 34 2C 33 2C 
59 63 33 35 7A 57 6C 6B 
37 64 6C 46 62 78 4F 72 
4A 7A 6A 79 6B 35 75 6A 
4E 58 63 3D 2C 32 37 38 
31 30 35 2C 54 72 75 65 
2C 33 31 0A